1000
57 -1 -177 -92 180 22 -206 128 173 -41 
190 -85 242 -208 237 -247 77 -21 90 -138 
53 -81 -41 -93 -190 183 -151 28 66 85 
-153 76 -238 17 60 -117 229 -101 -171 71 
217 -78 143 86 235 -5 -22 -159 -56 107 
-249 -97 -42 194 -82 240 -126 -54 -220 153 
-28 -84 -201 -226 51 103 227 158 -22 183 
48 231 -115 -237 115 64 -187 -214 175 -81 
-135 -156 -121 -249 -233 -55 -145 154 201 48 
-62 -127 -245 132 2 -184 -34 87 188 -106 
-249 147 121 78 -113 108 -73 147 44 154 
-141 -19 -5 -75 -115 48 -108 149 218 162 
10 -193 -156 -242 145 218 -137 -220 -244 212 
192 115 -168 102 17 71 -55 -38 -79 151 
-160 81 -12 -193 -134 40 -110 -71 85 -244 
222 -152 -155 69 204 -27 39 10 155 -124 
-127 -244 63 20 -12 -156 -30 94 116 -216 
-24 144 113 -12 94 -160 -200 -91 -127 197 
135 -33 22 -211 -3 135 246 135 -127 170 
-106 218 -15 165 -125 -216 -208 -239 -71 -98 
-6 45 68 146 -58 65 241 -217 -81 147 
-197 -203 75 -40 -88 -39 58 127 11 -125 
85 118 245 26 17 189 124 81 -194 51 
122 -190 -156 234 5 39 157 -235 -57 19 
-70 205 105 -244 213 -248 -74 -142 -1 81 
94 -112 58 247 -99 99 -47 -19 -219 -236 
169 25 -241 -70 179 -27 -196 10 -13 -205 
67 -225 -50 6 -186 -153 -102 -46 -200 -100 
226 162 -196 47 -246 131 -2 -185 128 -51 
-41 -121 -197 233 197 -143 23 72 55 -74 
-197 -26 -120 116 150 194 120 35 -234 148 
-95 -117 -193 -174 -72 16 107 -39 128 -136 
69 -13 -117 -159 -30 12 -117 -53 -219 -162 
-161 123 127 54 108 -50 4 210 165 197 
230 -20 205 -204 -143 -12 -250 176 -215 107 
-137 -136 -157 110 104 168 107 -165 -21 -235 
-187 -148 167 -107 169 217 -3 19 145 53 
223 -147 -2 135 -92 209 156 180 74 -118 
223 -147 147 170 200 -19 230 -47 150 -230 
-217 8 -247 -74 200 184 30 129 82 -176 
-201 -208 -1 21 60 129 233 220 -210 -27 
-100 221 -21 68 -4 49 -20 -129 26 -126 
-6 208 -54 21 -186 -190 -152 1 190 -247 
-199 51 -45 -170 168 24 -101 163 70 -225 
-238 33 38 -133 -242 -200 74 -55 7 -239 
-60 -84 160 -157 -197 -185 210 -8 153 102 
57 -109 160 -50 49 -123 -79 37 164 -125 
-109 -233 98 92 65 224 195 123 -30 161 
-11 -196 55 179 3 -61 -84 106 54 110 
148 -158 -30 -134 -170 117 102 189 -52 151 
61 -134 141 -79 -22 -79 -89 -205 -130 -10 
-92 203 -123 100 -39 -187 -156 -217 -23 77 
45 -219 192 -234 -244 -235 174 -149 -153 -89 
-147 74 -142 186 31 -235 -40 -34 155 223 
31 -30 41 -81 115 77 -214 -22 -125 134 
-83 199 226 -204 -174 -84 217 -230 134 241 
-40 8 -39 -6 -232 -32 184 75 17 -61 
68 -236 75 168 -222 -221 -216 -23 -10 4 
-210 146 185 -167 -202 115 -239 2 -186 126 
-13 -75 -5 -40 165 -58 -40 -3 -213 49 
197 -35 -57 -171 -121 -86 229 -249 -225 39 
208 -217 50 -161 -80 -33 96 -212 -207 88 
186 71 -31 246 -3 38 109 237 -215 -15 
162 -66 239 34 -16 -83 -231 -135 -205 226 
-89 75 69 -119 153 -52 48 -111 -246 -247 
-71 15 141 -143 174 115 -129 204 -144 200 
-47 82 -218 -109 -96 227 -33 150 39 215 
-3 -128 129 67 -234 -202 12 -221 -211 -42 
153 -93 11 2 216 -129 -193 246 205 180 
244 -195 -29 62 43 177 -18 194 41 -52 
-98 106 -180 53 189 164 49 16 85 171 
-207 2 -164 -31 -100 160 -127 -81 -145 193 
61 181 242 66 -51 221 -111 120 86 141 
107 83 78 -73 160 -67 -74 239 -159 184 
-39 154 -224 141 40 -228 114 140 134 63 
191 -123 -71 34 -213 120 -189 -169 -85 52 
-18 82 104 9 97 127 212 -240 69 -100 
127 191 86 -30 49 -138 9 206 140 -98 
-202 -236 -206 168 -100 -149 45 71 -19 -249 
-5 211 -193 -240 178 55 -77 -113 -81 -154 
-247 171 -75 -232 50 239 12 -196 13 -107 
139 0 -15 165 114 244 213 8 -98 -158 
66 -36 170 -190 200 118 -9 97 -54 37 
-249 -16 -122 -179 198 125 3 121 79 43 
-31 221 70 14 -171 -120 160 -170 -137 92 
-112 132 -206 78 143 -175 230 -250 -154 197 
120 -163 -207 -17 102 11 74 150 130 28 
107 173 248 -236 95 -88 -241 -140 99 -32 
40 -195 -7 -195 135 -216 25 71 -99 -24 
1 209 33 -36 187 129 -52 -150 -113 35 
128 34 92 165 210 -183 -110 -43 -184 -22 
-188 113 219 140 -127 28 63 11 -240 90 
228 -250 144 -243 -94 -199 36 181 -206 -11 
26 -166 2 -142 -236 204 -231 -222 -79 120 
-87 197 -226 -207 104 -242 231 -198 38 -87 
109 -231 129 106 211 237 103 149 38 -6 
130 216 33 24 -14 159 -183 84 189 -66 
-99 -201 16 217 -140 -161 77 23 -169 45 
186 124 185 -19 222 -222 48 -180 -163 47 
-161 -104 -160 -139 -138 213 -138 31 201 -20 
