80
1604 43
407 936
802 1196
-202 1217
-1380 -1426
-63 765
-261 578
-972 619
-1409 -1782
1827 213
288 368
760 -1349
-1329 -1266
-1254 -49 
-523 409
-1849 -202
1111 -1456
667 -1540
1146 48
1442 664
1392 1666
-1516 -1476
711 -303
230 1102
-118 104
1838 -840
-1038 -1735
919 341
-602 -366
-43 -317
-63 1595
-1410 -882
-1267 -1503
-1403 1606
1114 -1692
-463 -1100
-1800 -1471
-1211 130
-1684 852
-364 -537
386 99
282 662
35 1424
-1792 64
670 -973
1371 1529
-523 483
604 -976
-149 -39
-76 -1738
-283 700
1934 1922
-1876 -328
493 402
545 977
653 -810
1079 869
-714 -1098
392 334
-1447 -726
23 -1302
-764 476
1253 -1267
-109 -106
920 1827
23 759
-162 197
-1897 794
1219 1638
1818 1617
-328 1544
1786 340
1870 1464
566 -1209
-100 -1683
-1431 -1780
165 1651
-577 -1629
443 1614
1897 472
